 FID  IID       O(HOM)       E(HOM)        N(NM)            F
   1    1        69936     6.29e+04       105524       0.1651
   4    4        70616     6.29e+04       105524        0.181
   5    5        67963     6.29e+04       105524       0.1188
   6    6        69083     6.29e+04       105524       0.1451
   7    7        63420     6.29e+04       105524      0.01222
   8    8        70538     6.29e+04       105524       0.1792
  10   10        66514     6.29e+04       105524       0.0848
  11   11        55578     6.29e+04       105524      -0.1718
  12   12        65733     6.29e+04       105524      0.06648
  13   13        70755     6.29e+04       105524       0.1843
  14   14        65233     6.29e+04       105524      0.05475
  15   15        71663     6.29e+04       105524       0.2056
  16   16        68990     6.29e+04       105524       0.1429
  18   18        68804     6.29e+04       105524       0.1385
  19   19        69434     6.29e+04       105524       0.1533
  20   20        68385     6.29e+04       105524       0.1287
  22   22        69224     6.29e+04       105524       0.1484
  23   23        65259     6.29e+04       105524      0.05536
  24   24        68835     6.29e+04       105524       0.1393
  26   26        68308     6.29e+04       105524       0.1269
  27   27        67693     6.29e+04       105524       0.1125
  28   28        67313     6.29e+04       105524       0.1035
  29   29        69075     6.29e+04       105524       0.1449
  30   30        70318     6.29e+04       105524        0.174
  31   31        68866     6.29e+04       105524         0.14
  32   32        69627     6.29e+04       105524       0.1578
  33   33        70506     6.29e+04       105524       0.1785
  34   34        48372     6.29e+04       105524      -0.3408
  35   35        70130     6.29e+04       105524       0.1696
  36   36        65255     6.29e+04       105524      0.05527
  37   37        69060     6.29e+04       105524       0.1445
  38   38        66171     6.29e+04       105524      0.07676
  39   39        69519     6.29e+04       105524       0.1553
  40   40        71208     6.29e+04       105524       0.1949
  41   41        68165     6.29e+04       105524       0.1235
  43   43        65081     6.29e+04       105524      0.05118
  44   44        72629     6.29e+04       105524       0.2283
  45   45        69366     6.29e+04       105524       0.1517
  46   46        68467     6.29e+04       105524       0.1306
  47   47        66756     6.29e+04       105524      0.09048
  48   48        67387     6.29e+04       105524       0.1053
  49   49        68098     6.29e+04       105524        0.122
  50   50        71299     6.29e+04       105524       0.1971
  51   51        64930     6.29e+04       105524      0.04764
  52   52        68116     6.29e+04       105524       0.1224
  53   53        54505     6.29e+04       105524      -0.1969
  54   54        73969     6.29e+04       105524       0.2597
  55   55        68969     6.29e+04       105524       0.1424
  56   56        68161     6.29e+04       105524       0.1234
  57   57        65892     6.29e+04       105524      0.07021
  58   58        66585     6.29e+04       105524      0.08647
  59   59        67847     6.29e+04       105524       0.1161
  60   60        67174     6.29e+04       105524       0.1003
  61   61        70218     6.29e+04       105524       0.1717
  62   62        68117     6.29e+04       105524       0.1224
  63   63        69074     6.29e+04       105524       0.1449
  64   64        66914     6.29e+04       105524      0.09419
  65   65        68155     6.29e+04       105524       0.1233
  66   66        65452     6.29e+04       105524      0.05989
  67   67        69715     6.29e+04       105524       0.1599
  68   68        68736     6.29e+04       105524       0.1369
  69   69        68714     6.29e+04       105524       0.1364
  70   70        66607     6.29e+04       105524      0.08698
  71   71        70159     6.29e+04       105524       0.1703
  72   72        68477     6.29e+04       105524       0.1309
  73   73        71072     6.29e+04       105524       0.1917
  74   74        65509     6.29e+04       105524      0.06122
  75   75        68493     6.29e+04       105524       0.1312
  76   76        66129     6.29e+04       105524      0.07577
  77   77        69920     6.29e+04       105524       0.1647
  78   78        49128     6.29e+04       105524      -0.3231
  79   79        74585     6.29e+04       105524       0.2742
  80   80        68614     6.29e+04       105524       0.1341
  81   81        66042     6.29e+04       105524      0.07373
  82   82        67685     6.29e+04       105524       0.1123
  83   83        68233     6.29e+04       105524       0.1251
  84   84        68752     6.29e+04       105524       0.1373
  85   85        67938     6.29e+04       105524       0.1182
  86   86        70238     6.29e+04       105524       0.1722
  87   87        72801     6.29e+04       105524       0.2323
  89   89        68008     6.29e+04       105524       0.1199
  92   92        71766     6.29e+04       105524        0.208
  94   94        70292     6.29e+04       105524       0.1734
  95   95        71790     6.29e+04       105524       0.2086
  96   96        63809     6.29e+04       105524      0.02134
  97   97        75955     6.29e+04       105524       0.3063
  98   98        69693     6.29e+04       105524       0.1594
  99   99        52447     6.29e+04       105524      -0.2452
 131  131        44048     6.29e+04       105524      -0.4423
 133  133        67883     6.29e+04       105524       0.1169
 134  134        65879     6.29e+04       105524      0.06991
 135  135        56826     6.29e+04       105524      -0.1425
 136  136        68631     6.29e+04       105524       0.1345
 137  137        68636     6.29e+04       105524       0.1346
 138  138        69718     6.29e+04       105524         0.16
 139  139        67794     6.29e+04       105524       0.1148
 140  140        57540     6.29e+04       105524      -0.1257
 141  141        67108     6.29e+04       105524      0.09874
 142  142        74369     6.29e+04       105524       0.2691
 143  143        67867     6.29e+04       105524       0.1165
 145  145        68298     6.29e+04       105524       0.1267
 146  146        70410     6.29e+04       105524       0.1762
 148  148        66425     6.29e+04       105524      0.08271
 150  150        67550     6.29e+04       105524       0.1091
 152  152        62829     6.29e+04       105524     -0.00165
 153  153        71343     6.29e+04       105524       0.1981
 154  154        70358     6.29e+04       105524        0.175
 155  155        52730     6.29e+04       105524      -0.2386
 156  156        72639     6.29e+04       105524       0.2285
 157  157        72061     6.29e+04       105524       0.2149
 158  158        68145     6.29e+04       105524       0.1231
 160  160        65596     6.29e+04       105524      0.06327
 162  162        68802     6.29e+04       105524       0.1385
 163  163        70796     6.29e+04       105524       0.1853
 164  164        66777     6.29e+04       105524      0.09097
 167  167        67387     6.29e+04       105524       0.1053
 169  169        65868     6.29e+04       105524      0.06965
 171  171        67044     6.29e+04       105524      0.09724
 176  176        55704     6.29e+04       105524      -0.1688
 177  177        67084     6.29e+04       105524      0.09818
 178  178        67816     6.29e+04       105524       0.1153
 179  179        67418     6.29e+04       105524        0.106
 181  181        72314     6.29e+04       105524       0.2209
 182  182        67349     6.29e+04       105524       0.1044
 183  183        72561     6.29e+04       105524       0.2267
 184  184        75505     6.29e+04       105524       0.2957
 186  186        70216     6.29e+04       105524       0.1717
 187  187        69887     6.29e+04       105524       0.1639
 188  188        65500     6.29e+04       105524      0.06101
 189  189        69314     6.29e+04       105524       0.1505
 190  190        68111     6.29e+04       105524       0.1223
 191  191        64724     6.29e+04       105524      0.04281
 192  192        55420     6.29e+04       105524      -0.1755
 193  193        88562     6.29e+04       105524       0.6021
 194  194        70336     6.29e+04       105524       0.1745
 195  195        70581     6.29e+04       105524       0.1802
 196  196        51775     6.29e+04       105524       -0.261
 198  198        70375     6.29e+04       105524       0.1754
 203  203        70883     6.29e+04       105524       0.1873
 204  204        71577     6.29e+04       105524       0.2036
 205  205        65179     6.29e+04       105524      0.05348
 206  206        68108     6.29e+04       105524       0.1222
 207  207        70797     6.29e+04       105524       0.1853
 208  208        67933     6.29e+04       105524       0.1181
 209  209        66599     6.29e+04       105524       0.0868
 212  212        64852     6.29e+04       105524      0.04581
 213  213        67512     6.29e+04       105524       0.1082
 214  214        67856     6.29e+04       105524       0.1163
 216  216        56398     6.29e+04       105524      -0.1525
 220  220        66357     6.29e+04       105524      0.08112
 221  221        69532     6.29e+04       105524       0.1556
 222  222        66685     6.29e+04       105524      0.08881
 223  223        64597     6.29e+04       105524      0.03983
 224  224        66465     6.29e+04       105524      0.08365
 225  225        66355     6.29e+04       105524      0.08107
 226  226        68696     6.29e+04       105524        0.136
 227  227        65988     6.29e+04       105524      0.07246
 228  228        70059     6.29e+04       105524        0.168
 229  229        68881     6.29e+04       105524       0.1403
 230  230        65498     6.29e+04       105524      0.06097
 231  231        72638     6.29e+04       105524       0.2285
 232  232        73246     6.29e+04       105524       0.2427
 233  233        69901     6.29e+04       105524       0.1643
 234  234        67802     6.29e+04       105524        0.115
 235  235        65943     6.29e+04       105524      0.07141
 236  236        67868     6.29e+04       105524       0.1166
 237  237        70854     6.29e+04       105524       0.1866
 238  238        57333     6.29e+04       105524      -0.1306
 239  239        70347     6.29e+04       105524       0.1747
 241  241        57851     6.29e+04       105524      -0.1184
 242  242        68316     6.29e+04       105524       0.1271
 243  243        66621     6.29e+04       105524      0.08731
 244  244        67890     6.29e+04       105524       0.1171
 245  245        69816     6.29e+04       105524       0.1623
 246  246        68157     6.29e+04       105524       0.1233
 247  247        68554     6.29e+04       105524       0.1327
 249  249        72963     6.29e+04       105524       0.2361
 250  250        70221     6.29e+04       105524       0.1718
 251  251        67494     6.29e+04       105524       0.1078
 252  252        64009     6.29e+04       105524      0.02603
 253  253        68273     6.29e+04       105524       0.1261
 254  254        56977     6.29e+04       105524      -0.1389
 256  256        68370     6.29e+04       105524       0.1283
 259  259        68290     6.29e+04       105524       0.1265
 260  260        70426     6.29e+04       105524       0.1766
 262  262        70365     6.29e+04       105524       0.1751
 264  264        70764     6.29e+04       105524       0.1845
 266  266        68714     6.29e+04       105524       0.1364
 267  267        53370     6.29e+04       105524      -0.2236
 271  271        66859     6.29e+04       105524       0.0929
 274  274        56196     6.29e+04       105524      -0.1573
 275  275        73437     6.29e+04       105524       0.2472
 276  276        47032     6.29e+04       105524      -0.3723
 278  278        70304     6.29e+04       105524       0.1737
 279  279        71610     6.29e+04       105524       0.2044
 280  280        62633     6.29e+04       105524    -0.006248
 283  283        68655     6.29e+04       105524        0.135
 284  284        69022     6.29e+04       105524       0.1436
 285  285        65635     6.29e+04       105524      0.06418
 287  287        50109     6.29e+04       105524      -0.3001
 288  288        69234     6.29e+04       105524       0.1486
 289  289        66266     6.29e+04       105524      0.07898
 290  290        66414     6.29e+04       105524      0.08246
 291  291        66846     6.29e+04       105524      0.09259
 292  292        66113     6.29e+04       105524      0.07539
 293  293        68805     6.29e+04       105524       0.1386
 295  295        69049     6.29e+04       105524       0.1443
 296  296        42823     6.29e+04       105524       -0.471
 297  297        68834     6.29e+04       105524       0.1392
 298  298        69234     6.29e+04       105524       0.1486
 299  299        58130     6.29e+04       105524      -0.1119
 300  300        67038     6.29e+04       105524       0.0971
 301  301        66931     6.29e+04       105524      0.09459
 302  302        55531     6.29e+04       105524      -0.1729
 304  304        66616     6.29e+04       105524       0.0872
 305  305        70042     6.29e+04       105524       0.1676
 306  306        66458     6.29e+04       105524      0.08349
 307  307        47511     6.29e+04       105524       -0.361
 310  310        70028     6.29e+04       105524       0.1672
 311  311        73824     6.29e+04       105524       0.2563
 313  313        67076     6.29e+04       105524      0.09799
 314  314        55262     6.29e+04       105524      -0.1792
 315  315        71254     6.29e+04       105524        0.196
 317  317        70212     6.29e+04       105524       0.1716
 324  324        66096     6.29e+04       105524        0.075
 325  325        60069     6.29e+04       105524      -0.0664
 326  326        67235     6.29e+04       105524       0.1017
 327  327        66825     6.29e+04       105524       0.0921
 328  328        66544     6.29e+04       105524      0.08551
 329  329        66305     6.29e+04       105524       0.0799
 330  330        70557     6.29e+04       105524       0.1797
 331  331        69097     6.29e+04       105524       0.1454
 332  332        67755     6.29e+04       105524       0.1139
 334  334        76480     6.29e+04       105524       0.3186
 339  339        49778     6.29e+04       105524      -0.3078
 342  342        68836     6.29e+04       105524       0.1393
 343  343        70847     6.29e+04       105524       0.1865
 345  345        71869     6.29e+04       105524       0.2104
 348  348        66726     6.29e+04       105524      0.08978
 349  349        73460     6.29e+04       105524       0.2478
 350  350        64353     6.29e+04       105524       0.0341
 353  353        73788     6.29e+04       105524       0.2555
 355  355        72845     6.29e+04       105524       0.2333
 356  356        68065     6.29e+04       105524       0.1212
 357  357        67643     6.29e+04       105524       0.1113
 358  358        67489     6.29e+04       105524       0.1077
 359  359        49593     6.29e+04       105524      -0.3122
 360  360        67354     6.29e+04       105524       0.1045
 363  363        71968     6.29e+04       105524       0.2128
 365  365        73833     6.29e+04       105524       0.2565
 366  366        57745     6.29e+04       105524      -0.1209
 367  367        67597     6.29e+04       105524       0.1102
 368  368        68466     6.29e+04       105524       0.1306
 369  369        67200     6.29e+04       105524       0.1009
 373  373        69610     6.29e+04       105524       0.1574
 374  374        68609     6.29e+04       105524        0.134
 375  375        69402     6.29e+04       105524       0.1526
 376  376        67896     6.29e+04       105524       0.1172
 377  377        66866     6.29e+04       105524      0.09306
 380  380        56258     6.29e+04       105524      -0.1558
 381  381        68637     6.29e+04       105524       0.1346
 382  382        64422     6.29e+04       105524      0.03572
 383  383        67049     6.29e+04       105524      0.09735
 384  384        68097     6.29e+04       105524       0.1219
 385  385        65075     6.29e+04       105524      0.05104
 386  386        61095     6.29e+04       105524     -0.04233
 387  387        70837     6.29e+04       105524       0.1862
 388  388        68620     6.29e+04       105524       0.1342
 389  389        68365     6.29e+04       105524       0.1282
 390  390        54925     6.29e+04       105524      -0.1871
 391  391        67570     6.29e+04       105524       0.1096
 393  393        67562     6.29e+04       105524       0.1094
 394  394        65999     6.29e+04       105524      0.07272
 395  395        67229     6.29e+04       105524       0.1016
 396  396        66156     6.29e+04       105524       0.0764
 397  397        64342     6.29e+04       105524      0.03385
 398  398        63765     6.29e+04       105524      0.02031
 399  399        66984     6.29e+04       105524      0.09583
 400  400        39839     6.29e+04       105524       -0.541
 401  401        65490     6.29e+04       105524      0.06078
 402  402        71655     6.29e+04       105524       0.2054
 403  403        66692     6.29e+04       105524      0.08898
 404  404        68450     6.29e+04       105524       0.1302
 405  405        66305     6.29e+04       105524       0.0799
 406  406        53336     6.29e+04       105524      -0.2244
 407  407        54026     6.29e+04       105524      -0.2082
 408  408        69320     6.29e+04       105524       0.1506
 409  409        69030     6.29e+04       105524       0.1438
 410  410        69868     6.29e+04       105524       0.1635
 411  411        79883     6.29e+04       105524       0.3984
 412  412        72654     6.29e+04       105524       0.2289
 413  413        69644     6.29e+04       105524       0.1582
 414  414        67733     6.29e+04       105524       0.1134
 417  417        68066     6.29e+04       105524       0.1212
 418  418        66542     6.29e+04       105524      0.08546
 419  419        69997     6.29e+04       105524       0.1665
 421  421        69563     6.29e+04       105524       0.1563
 422  422        71749     6.29e+04       105524       0.2076
 423  423        65387     6.29e+04       105524      0.05836
 424  424        57410     6.29e+04       105524      -0.1288
 425  425        54632     6.29e+04       105524       -0.194
 426  426        64200     6.29e+04       105524      0.03051
 427  427        71123     6.29e+04       105524       0.1929
 428  428        67290     6.29e+04       105524        0.103
 429  429        69187     6.29e+04       105524       0.1475
 430  430        69498     6.29e+04       105524       0.1548
 431  431        61746     6.29e+04       105524     -0.02706
 432  432        63659     6.29e+04       105524      0.01782
 433  433        66018     6.29e+04       105524      0.07317
 434  434        70819     6.29e+04       105524       0.1858
 435  435        72021     6.29e+04       105524        0.214
 436  436        70495     6.29e+04       105524       0.1782
 437  437        67644     6.29e+04       105524       0.1113
 438  438        74473     6.29e+04       105524       0.2715
 439  439        34909     6.29e+04       105524      -0.6567
 440  440        67627     6.29e+04       105524       0.1109
 441  441        68967     6.29e+04       105524       0.1424
 442  442        69149     6.29e+04       105524       0.1466
 443  443        68241     6.29e+04       105524       0.1253
 444  444        65554     6.29e+04       105524      0.06228
 445  445        66981     6.29e+04       105524      0.09576
 446  446        73132     6.29e+04       105524       0.2401
 447  447        69722     6.29e+04       105524       0.1601
 448  448        68635     6.29e+04       105524       0.1346
 449  449        66766     6.29e+04       105524      0.09071
 450  450        66716     6.29e+04       105524      0.08954
 451  451        71596     6.29e+04       105524        0.204
 452  452        70251     6.29e+04       105524       0.1725
 453  453        52481     6.29e+04       105524      -0.2444
 454  454        65714     6.29e+04       105524      0.06603
 455  455        54923     6.29e+04       105524      -0.1871
 456  456        64116     6.29e+04       105524      0.02854
 457  457        70182     6.29e+04       105524       0.1709
 458  458        69896     6.29e+04       105524       0.1641
 459  459        68910     6.29e+04       105524        0.141
 460  460        53658     6.29e+04       105524      -0.2168
 461  461        71693     6.29e+04       105524       0.2063
 462  462        69414     6.29e+04       105524       0.1528
 463  463        66560     6.29e+04       105524      0.08588
 464  464        53006     6.29e+04       105524      -0.2321
 465  465        66409     6.29e+04       105524      0.08234
 466  466        66838     6.29e+04       105524       0.0924
 467  467        54722     6.29e+04       105524      -0.1918
 468  468        67856     6.29e+04       105524       0.1163
 469  469        66714     6.29e+04       105524      0.08949
 471  471        70892     6.29e+04       105524       0.1875
 472  472        57973     6.29e+04       105524      -0.1156
 473  473        57639     6.29e+04       105524      -0.1234
 474  474        69504     6.29e+04       105524       0.1549
 475  475        68059     6.29e+04       105524        0.121
 476  476        51048     6.29e+04       105524       -0.278
 477  477        69033     6.29e+04       105524       0.1439
 478  478        65527     6.29e+04       105524      0.06165
 480  480        66808     6.29e+04       105524       0.0917
 481  481        67398     6.29e+04       105524       0.1055
 482  482        57329     6.29e+04       105524      -0.1307
 483  483        67833     6.29e+04       105524       0.1157
 484  484        65782     6.29e+04       105524      0.06763
 485  485        68645     6.29e+04       105524       0.1348
 486  486        56617     6.29e+04       105524      -0.1474
 487  487        62568     6.29e+04       105524    -0.007773
 489  489        67517     6.29e+04       105524       0.1083
 490  490        70218     6.29e+04       105524       0.1717
 491  491        66862     6.29e+04       105524      0.09297
 492  492        43855     6.29e+04       105524      -0.4468
 493  493        70199     6.29e+04       105524       0.1713
 494  494        69758     6.29e+04       105524       0.1609
 495  495        69613     6.29e+04       105524       0.1575
 496  496        71848     6.29e+04       105524       0.2099
 499  499        52531     6.29e+04       105524      -0.2432
 500  500        67771     6.29e+04       105524       0.1143
 501  501        68946     6.29e+04       105524       0.1419
 502  502        54333     6.29e+04       105524       -0.201
 503  503        67832     6.29e+04       105524       0.1157
 504  504        69976     6.29e+04       105524        0.166
 505  505        68351     6.29e+04       105524       0.1279
 506  506        66958     6.29e+04       105524      0.09522
 507  507        67117     6.29e+04       105524      0.09895
 508  508        68392     6.29e+04       105524       0.1289
 510  510        54698     6.29e+04       105524      -0.1924
 511  511        68908     6.29e+04       105524        0.141
 512  512        66654     6.29e+04       105524      0.08809
 513  513        68072     6.29e+04       105524       0.1214
 514  514        65208     6.29e+04       105524      0.05416
 515  515        67823     6.29e+04       105524       0.1155
 516  516        67573     6.29e+04       105524       0.1096
 517  517        65660     6.29e+04       105524      0.06477
 521  521        56422     6.29e+04       105524       -0.152
 522  522        84472     6.29e+04       105524       0.5061
 523  523        68375     6.29e+04       105524       0.1285
 524  524        67778     6.29e+04       105524       0.1145
 527  527        71646     6.29e+04       105524       0.2052
 528  528        69504     6.29e+04       105524       0.1549
 529  529        54905     6.29e+04       105524      -0.1876
 530  530        67318     6.29e+04       105524       0.1037
 531  531        75484     6.29e+04       105524       0.2952
 533  533        65468     6.29e+04       105524      0.06026
 536  536        67608     6.29e+04       105524       0.1105
 537  537        69882     6.29e+04       105524       0.1638
 538  538        68158     6.29e+04       105524       0.1234
 540  540        68677     6.29e+04       105524       0.1355
 541  541        69553     6.29e+04       105524       0.1561
 542  542        69706     6.29e+04       105524       0.1597
 543  543        69628     6.29e+04       105524       0.1579
 544  544        65599     6.29e+04       105524      0.06334
 545  545        85881     6.29e+04       105524       0.5392
 546  546        68555     6.29e+04       105524       0.1327
 547  547        67757     6.29e+04       105524        0.114
 548  548        55276     6.29e+04       105524      -0.1788
 549  549        69683     6.29e+04       105524       0.1591
 550  550        68723     6.29e+04       105524       0.1366
 551  551        67578     6.29e+04       105524       0.1098
 552  552        58464     6.29e+04       105524      -0.1041
 553  553        54885     6.29e+04       105524       -0.188
 554  554        67600     6.29e+04       105524       0.1103
 555  555        69636     6.29e+04       105524        0.158
 556  556        73115     6.29e+04       105524       0.2397
 557  557        54649     6.29e+04       105524      -0.1936
 559  559        67405     6.29e+04       105524       0.1057
 560  560        70736     6.29e+04       105524       0.1839
 561  561        70477     6.29e+04       105524       0.1778
 562  562        55364     6.29e+04       105524      -0.1768
 563  563        69620     6.29e+04       105524       0.1577
 564  564        63896     6.29e+04       105524      0.02338
 565  565        68634     6.29e+04       105524       0.1345
 566  566        70648     6.29e+04       105524       0.1818
 567  567        56545     6.29e+04       105524      -0.1491
 568  568        69868     6.29e+04       105524       0.1635
 569  569        69502     6.29e+04       105524       0.1549
 570  570        66993     6.29e+04       105524      0.09604
 571  571        65784     6.29e+04       105524      0.06768
 572  572        67960     6.29e+04       105524       0.1187
 573  573        46449     6.29e+04       105524      -0.3859
 574  574        69625     6.29e+04       105524       0.1578
 575  575        72887     6.29e+04       105524       0.2343
 576  576        66146     6.29e+04       105524      0.07617
 577  577        68075     6.29e+04       105524       0.1214
 578  578        65492     6.29e+04       105524      0.06083
 581  581        69539     6.29e+04       105524       0.1558
 583  583        53638     6.29e+04       105524      -0.2173
 584  584        65175     6.29e+04       105524      0.05339
 586  586        65290     6.29e+04       105524      0.05609
 588  588        64239     6.29e+04       105524      0.03143
 589  589        62977     6.29e+04       105524     0.001822
 590  590        54660     6.29e+04       105524      -0.1933
 592  592        71030     6.29e+04       105524       0.1908
 594  594        73668     6.29e+04       105524       0.2526
 596  596        67748     6.29e+04       105524       0.1138
 599  599        63274     6.29e+04       105524      0.00879
 602  602        66640     6.29e+04       105524      0.08776
 609  609        70526     6.29e+04       105524       0.1789
 610  610        49642     6.29e+04       105524       -0.311
 611  611        68594     6.29e+04       105524       0.1336
 612  612        71543     6.29e+04       105524       0.2028
 614  614        71127     6.29e+04       105524        0.193
 615  615        66259     6.29e+04       105524      0.07882
 616  616        45665     6.29e+04       105524      -0.4043
 617  617        48955     6.29e+04       105524      -0.3271
 620  620        69268     6.29e+04       105524       0.1494
 621  621        69399     6.29e+04       105524       0.1525
 624  624        71524     6.29e+04       105524       0.2023
 628  628        70179     6.29e+04       105524       0.1708
 629  629        67483     6.29e+04       105524       0.1075
 630  630        69784     6.29e+04       105524       0.1615
 632  632        58007     6.29e+04       105524      -0.1148
 634  634        58020     6.29e+04       105524      -0.1145
 638  638        67476     6.29e+04       105524       0.1074
 641  641        50884     6.29e+04       105524      -0.2819
 642  642        61602     6.29e+04       105524     -0.03044
 643  643        58657     6.29e+04       105524     -0.09953
 647  647        66516     6.29e+04       105524      0.08485
 648  648        72565     6.29e+04       105524       0.2268
 649  649        65045     6.29e+04       105524      0.05034
 651  651        47713     6.29e+04       105524      -0.3563
 652  652        69793     6.29e+04       105524       0.1617
 653  653        65643     6.29e+04       105524      0.06437
 654  654        69945     6.29e+04       105524       0.1653
 657  657        55495     6.29e+04       105524      -0.1737
 658  658        59601     6.29e+04       105524     -0.07738
 659  659        65713     6.29e+04       105524      0.06601
 660  660        70338     6.29e+04       105524       0.1745
 662  662        70042     6.29e+04       105524       0.1676
 668  668        66595     6.29e+04       105524       0.0867
 672  672        64591     6.29e+04       105524      0.03969
 673  673        67894     6.29e+04       105524       0.1172
 674  674        70742     6.29e+04       105524        0.184
 675  675        68087     6.29e+04       105524       0.1217
 677  677        70898     6.29e+04       105524       0.1877
 678  678        69143     6.29e+04       105524       0.1465
 679  679        68282     6.29e+04       105524       0.1263
 680  680        65928     6.29e+04       105524      0.07105
 681  681        69652     6.29e+04       105524       0.1584
 682  682        68237     6.29e+04       105524       0.1252
 685  685        59583     6.29e+04       105524      -0.0778
 686  686        65026     6.29e+04       105524      0.04989
 687  687        67381     6.29e+04       105524       0.1051
 688  688        66846     6.29e+04       105524      0.09259
 690  690        66090     6.29e+04       105524      0.07486
 695  695        33806     6.29e+04       105524      -0.6825
 698  698        70354     6.29e+04       105524       0.1749
 700  700        65176     6.29e+04       105524      0.05341
 702  702        70555     6.29e+04       105524       0.1796
 703  703        68435     6.29e+04       105524       0.1299
 704  704        68101     6.29e+04       105524        0.122
 705  705        69029     6.29e+04       105524       0.1438
 706  706        65675     6.29e+04       105524      0.06512
 707  707        68805     6.29e+04       105524       0.1386
 708  708        65595     6.29e+04       105524      0.06324
 709  709        62638     6.29e+04       105524    -0.006131
 710  710        64002     6.29e+04       105524      0.02587
 711  711        68157     6.29e+04       105524       0.1233
 712  712        66108     6.29e+04       105524      0.07528
 713  713        70330     6.29e+04       105524       0.1743
 714  714        65949     6.29e+04       105524      0.07155
 715  715        67768     6.29e+04       105524       0.1142
 716  716        67313     6.29e+04       105524       0.1035
 717  717        67845     6.29e+04       105524        0.116
 718  718        68285     6.29e+04       105524       0.1264
 719  719        67383     6.29e+04       105524       0.1052
 720  720        72397     6.29e+04       105524       0.2228
 722  722        68838     6.29e+04       105524       0.1393
 723  723        68702     6.29e+04       105524       0.1361
 724  724        71156     6.29e+04       105524       0.1937
 725  725        67809     6.29e+04       105524       0.1152
 726  726        64685     6.29e+04       105524      0.04189
 727  727        68244     6.29e+04       105524       0.1254
 728  728        53732     6.29e+04       105524      -0.2151
 729  729        68180     6.29e+04       105524       0.1239
 730  730        72418     6.29e+04       105524       0.2233
 731  731        56480     6.29e+04       105524      -0.1506
 732  732        67449     6.29e+04       105524       0.1067
 733  733        68259     6.29e+04       105524       0.1257
 737  737        65113     6.29e+04       105524      0.05193
 738  738        63070     6.29e+04       105524     0.004004
 739  739        68749     6.29e+04       105524       0.1372
 740  740        70599     6.29e+04       105524       0.1806
 741  741        72230     6.29e+04       105524       0.2189
 742  742        67847     6.29e+04       105524       0.1161
 743  743        69545     6.29e+04       105524       0.1559
 744  744        65885     6.29e+04       105524      0.07005
 745  745        69493     6.29e+04       105524       0.1547
 746  746        68759     6.29e+04       105524       0.1375
 749  749        78122     6.29e+04       105524       0.3571
 751  751        69222     6.29e+04       105524       0.1483
 752  752        69590     6.29e+04       105524        0.157
 753  753        66785     6.29e+04       105524      0.09116
 754  754        68750     6.29e+04       105524       0.1373
 755  755        58314     6.29e+04       105524      -0.1076
 756  756        69438     6.29e+04       105524       0.1534
 757  757        70219     6.29e+04       105524       0.1717
 759  759        67214     6.29e+04       105524       0.1012
 760  760        57610     6.29e+04       105524      -0.1241
 761  761        56129     6.29e+04       105524      -0.1588
 762  762        69632     6.29e+04       105524        0.158
 763  763        48994     6.29e+04       105524      -0.3262
 764  764        70212     6.29e+04       105524       0.1716
 765  765        67893     6.29e+04       105524       0.1172
 766  766        59192     6.29e+04       105524     -0.08698
 767  767        68885     6.29e+04       105524       0.1404
 768  768        67769     6.29e+04       105524       0.1142
 769  769        69765     6.29e+04       105524       0.1611
 770  770        67830     6.29e+04       105524       0.1157
 771  771        69236     6.29e+04       105524       0.1487
 772  772        74981     6.29e+04       105524       0.2834
 773  773        72031     6.29e+04       105524       0.2142
 774  774        67254     6.29e+04       105524       0.1022
 775  775        72869     6.29e+04       105524       0.2339
 776  776        67816     6.29e+04       105524       0.1153
 777  777        69527     6.29e+04       105524       0.1555
 778  778        66347     6.29e+04       105524      0.08088
 779  779        69507     6.29e+04       105524        0.155
 780  780        68169     6.29e+04       105524       0.1236
 781  781        68893     6.29e+04       105524       0.1406
 782  782        68948     6.29e+04       105524       0.1419
 783  783        66748     6.29e+04       105524      0.09029
 785  785        70470     6.29e+04       105524       0.1776
 786  786        69450     6.29e+04       105524       0.1537
 787  787        67231     6.29e+04       105524       0.1016
 788  788        58124     6.29e+04       105524       -0.112
 789  789        69093     6.29e+04       105524       0.1453
 790  790        56271     6.29e+04       105524      -0.1555
 791  791        66446     6.29e+04       105524      0.08321
 793  793        77964     6.29e+04       105524       0.3534
 794  794        68895     6.29e+04       105524       0.1407
 795  795        69677     6.29e+04       105524        0.159
 796  796        67328     6.29e+04       105524       0.1039
 797  797        69337     6.29e+04       105524        0.151
 798  798        71539     6.29e+04       105524       0.2027
 799  799        69643     6.29e+04       105524       0.1582
 800  800        69946     6.29e+04       105524       0.1653
 801  801        71964     6.29e+04       105524       0.2127
 802  802        68944     6.29e+04       105524       0.1418
 803  803        66870     6.29e+04       105524      0.09315
 804  804        68072     6.29e+04       105524       0.1214
 806  806        68347     6.29e+04       105524       0.1278
 807  807        64561     6.29e+04       105524      0.03898
 808  808        69408     6.29e+04       105524       0.1527
 809  809        70442     6.29e+04       105524        0.177
 810  810        64949     6.29e+04       105524      0.04809
 811  811        65978     6.29e+04       105524      0.07223
 813  813        68149     6.29e+04       105524       0.1232
 814  814        67876     6.29e+04       105524       0.1168
 816  816        66432     6.29e+04       105524      0.08288
 817  817        68059     6.29e+04       105524        0.121
 818  818        72813     6.29e+04       105524       0.2326
 820  820        65989     6.29e+04       105524      0.07249
 821  821        68818     6.29e+04       105524       0.1389
 822  822        69348     6.29e+04       105524       0.1513
 823  823        72995     6.29e+04       105524       0.2369
 825  825        66547     6.29e+04       105524      0.08558
 826  826        68367     6.29e+04       105524       0.1283
 827  827        72340     6.29e+04       105524       0.2215
 828  828        67434     6.29e+04       105524       0.1064
 829  829        72210     6.29e+04       105524       0.2184
 830  830        59209     6.29e+04       105524     -0.08658
 831  831        71579     6.29e+04       105524       0.2036
 832  832        59605     6.29e+04       105524     -0.07729
 833  833        71316     6.29e+04       105524       0.1975
 834  834        69871     6.29e+04       105524       0.1636
 836  836        56899     6.29e+04       105524      -0.1408
 837  837        66722     6.29e+04       105524      0.08968
 838  838        56618     6.29e+04       105524      -0.1474
 840  840        67529     6.29e+04       105524       0.1086
 841  841        67742     6.29e+04       105524       0.1136
 843  843        57970     6.29e+04       105524      -0.1156
 844  844        67073     6.29e+04       105524      0.09792
 845  845        63146     6.29e+04       105524     0.005787
 848  848        56327     6.29e+04       105524      -0.1542
 849  849        67470     6.29e+04       105524       0.1072
 850  850        70852     6.29e+04       105524       0.1866
 851  851        54451     6.29e+04       105524      -0.1982
 852  852        69991     6.29e+04       105524       0.1664
 853  853        74483     6.29e+04       105524       0.2718
 854  854        67930     6.29e+04       105524        0.118
 855  855        56991     6.29e+04       105524      -0.1386
 856  856        69045     6.29e+04       105524       0.1442
 857  857        67688     6.29e+04       105524       0.1123
 858  858        67035     6.29e+04       105524      0.09703
 859  859        68742     6.29e+04       105524       0.1371
 860  860        64209     6.29e+04       105524      0.03073
 861  861        68573     6.29e+04       105524       0.1331
 862  862        65546     6.29e+04       105524      0.06209
 863  863        66982     6.29e+04       105524      0.09578
 864  864        67664     6.29e+04       105524       0.1118
 866  866        67715     6.29e+04       105524        0.113
 867  867        73933     6.29e+04       105524       0.2589
 868  868        61708     6.29e+04       105524     -0.02795
 869  869        52948     6.29e+04       105524      -0.2335
 870  870        68255     6.29e+04       105524       0.1256
 871  871        64703     6.29e+04       105524      0.04232
 872  872        73031     6.29e+04       105524       0.2377
 873  873        65162     6.29e+04       105524      0.05308
 874  874        62661     6.29e+04       105524    -0.005591
 875  875        51826     6.29e+04       105524      -0.2598
 876  876        65811     6.29e+04       105524      0.06831
 877  877        46110     6.29e+04       105524      -0.3939
 878  878        68597     6.29e+04       105524       0.1337
 879  879        60680     6.29e+04       105524     -0.05207
 880  880        74846     6.29e+04       105524       0.2803
 881  881        67511     6.29e+04       105524       0.1082
 882  882        69837     6.29e+04       105524       0.1628
 885  885        71021     6.29e+04       105524       0.1905
 888  888        67508     6.29e+04       105524       0.1081
 889  889        70063     6.29e+04       105524       0.1681
 890  890        68962     6.29e+04       105524       0.1422
 891  891        80663     6.29e+04       105524       0.4167
 892  892        64739     6.29e+04       105524      0.04316
 893  893        68399     6.29e+04       105524        0.129
 894  894        66852     6.29e+04       105524      0.09273
 895  895        63164     6.29e+04       105524      0.00621
 896  896        68766     6.29e+04       105524       0.1376
 897  897        67335     6.29e+04       105524       0.1041
 898  898        70342     6.29e+04       105524       0.1746
 899  899        68718     6.29e+04       105524       0.1365
 900  900        66595     6.29e+04       105524       0.0867
 901  901        65246     6.29e+04       105524      0.05505
 902  902        68897     6.29e+04       105524       0.1407
 903  903        73961     6.29e+04       105524       0.2595
 904  904        69977     6.29e+04       105524        0.166
 905  905        68724     6.29e+04       105524       0.1367
 906  906        52198     6.29e+04       105524      -0.2511
 907  907        68652     6.29e+04       105524        0.135
 908  908        68870     6.29e+04       105524       0.1401
 909  909        67842     6.29e+04       105524        0.116
 910  910        54587     6.29e+04       105524       -0.195
 911  911        70999     6.29e+04       105524         0.19
 912  912        56234     6.29e+04       105524      -0.1564
 913  913        69233     6.29e+04       105524       0.1486
 914  914        68828     6.29e+04       105524       0.1391
 915  915        65856     6.29e+04       105524      0.06937
 916  916        67348     6.29e+04       105524       0.1044
 917  917        60290     6.29e+04       105524     -0.06122
 918  918        69232     6.29e+04       105524       0.1486
 919  919        55458     6.29e+04       105524      -0.1746
 920  920        65127     6.29e+04       105524      0.05226
 921  921        69171     6.29e+04       105524       0.1471
 922  922        71954     6.29e+04       105524       0.2124
 923  923        67444     6.29e+04       105524       0.1066
 924  924        69414     6.29e+04       105524       0.1528
 925  925        58814     6.29e+04       105524     -0.09584
 926  926        68039     6.29e+04       105524       0.1206
 927  927        69352     6.29e+04       105524       0.1514
 928  928        72082     6.29e+04       105524       0.2154
 929  929        71494     6.29e+04       105524       0.2016
 930  930        70776     6.29e+04       105524       0.1848
 931  931        72219     6.29e+04       105524       0.2186
 932  932        71872     6.29e+04       105524       0.2105
 933  933        68022     6.29e+04       105524       0.1202
 934  934        67446     6.29e+04       105524       0.1067
 935  935        64227     6.29e+04       105524      0.03115
 936  936        66730     6.29e+04       105524      0.08987
 937  937        64587     6.29e+04       105524      0.03959
 938  938        66495     6.29e+04       105524      0.08436
 939  939        59447     6.29e+04       105524     -0.08099
 940  940        69706     6.29e+04       105524       0.1597
 941  941        54851     6.29e+04       105524      -0.1888
 942  942        68429     6.29e+04       105524       0.1297
 943  943        68249     6.29e+04       105524       0.1255
 944  944        69518     6.29e+04       105524       0.1553
 945  945        68842     6.29e+04       105524       0.1394
 946  946        66832     6.29e+04       105524      0.09226
 947  947        72965     6.29e+04       105524       0.2361
 948  948        65368     6.29e+04       105524      0.05792
 949  949        68168     6.29e+04       105524       0.1236
 950  950        67259     6.29e+04       105524       0.1023
 952  952        67418     6.29e+04       105524        0.106
 953  953        70019     6.29e+04       105524        0.167
 954  954        67460     6.29e+04       105524        0.107
 956  956        68548     6.29e+04       105524       0.1325
 958  958        67155     6.29e+04       105524      0.09984
 959  959        67229     6.29e+04       105524       0.1016
 960  960        72859     6.29e+04       105524       0.2337
 962  962        63261     6.29e+04       105524     0.008485
 964  964        59321     6.29e+04       105524     -0.08395
 965  965        54629     6.29e+04       105524       -0.194
 966  966        69551     6.29e+04       105524       0.1561
 967  967        69434     6.29e+04       105524       0.1533
 968  968        64342     6.29e+04       105524      0.03385
 969  969        66475     6.29e+04       105524      0.08389
 970  970        70591     6.29e+04       105524       0.1805
 971  971        70362     6.29e+04       105524       0.1751
 972  972        68115     6.29e+04       105524       0.1224
 973  973        78673     6.29e+04       105524       0.3701
 975  975        64774     6.29e+04       105524      0.04398
 976  976        66268     6.29e+04       105524      0.07903
 977  977        69849     6.29e+04       105524        0.163
 978  978        68357     6.29e+04       105524        0.128
 979  979        72321     6.29e+04       105524        0.221
 980  980        69815     6.29e+04       105524       0.1622
 981  981        66402     6.29e+04       105524      0.08217
 982  982        68853     6.29e+04       105524       0.1397
 983  983        68220     6.29e+04       105524       0.1248
 984  984        68706     6.29e+04       105524       0.1362
 985  985        69688     6.29e+04       105524       0.1593
 986  986        66173     6.29e+04       105524       0.0768
 987  987        68713     6.29e+04       105524       0.1364
 988  988        66240     6.29e+04       105524      0.07837
 989  989        52728     6.29e+04       105524      -0.2386
 990  990        69935     6.29e+04       105524       0.1651
 991  991        66360     6.29e+04       105524      0.08119
 994  994        70565     6.29e+04       105524       0.1798
 995  995        67441     6.29e+04       105524       0.1066
 996  996        67997     6.29e+04       105524       0.1196
 997  997        70358     6.29e+04       105524        0.175
 998  998        62232     6.29e+04       105524     -0.01566
 999  999        55198     6.29e+04       105524      -0.1807
1000 1000        67804     6.29e+04       105524       0.1151
1001 1001        69873     6.29e+04       105524       0.1636
1002 1002        66957     6.29e+04       105524       0.0952
1003 1003        64565     6.29e+04       105524      0.03908
1004 1004        67058     6.29e+04       105524      0.09757
1007 1007        65971     6.29e+04       105524      0.07206
1008 1008        66604     6.29e+04       105524      0.08691
1009 1009        70101     6.29e+04       105524        0.169
1010 1010        68239     6.29e+04       105524       0.1253
1011 1011        69924     6.29e+04       105524       0.1648
1012 1012        67337     6.29e+04       105524       0.1041
1013 1013        68061     6.29e+04       105524       0.1211
1014 1014        71724     6.29e+04       105524        0.207
1015 1015        66447     6.29e+04       105524      0.08323
1016 1016        56964     6.29e+04       105524      -0.1392
1017 1017        70533     6.29e+04       105524       0.1791
1018 1018        68422     6.29e+04       105524       0.1296
1019 1019        70625     6.29e+04       105524       0.1812
1021 1021        69851     6.29e+04       105524       0.1631
1022 1022        57060     6.29e+04       105524       -0.137
1023 1023        72190     6.29e+04       105524        0.218
1024 1024        66157     6.29e+04       105524      0.07643
1025 1025        68170     6.29e+04       105524       0.1237
1026 1026        66621     6.29e+04       105524      0.08731
1029 1029        72299     6.29e+04       105524       0.2205
1030 1030        72737     6.29e+04       105524       0.2308
1031 1031        71905     6.29e+04       105524       0.2113
1032 1032        50410     6.29e+04       105524       -0.293
1033 1033        62320     6.29e+04       105524     -0.01359
1034 1034        68155     6.29e+04       105524       0.1233
1035 1035        64725     6.29e+04       105524      0.04283
1036 1036        65783     6.29e+04       105524      0.06765
1037 1037        70976     6.29e+04       105524       0.1895
1039 1039        67149     6.29e+04       105524       0.0997
1041 1041        64672     6.29e+04       105524      0.04159
1042 1042        53238     6.29e+04       105524      -0.2267
1043 1043        66810     6.29e+04       105524      0.09175
1044 1044        67594     6.29e+04       105524       0.1101
1046 1046        71861     6.29e+04       105524       0.2102
1047 1047        68346     6.29e+04       105524       0.1278
1048 1048        65153     6.29e+04       105524      0.05287
1049 1049        66994     6.29e+04       105524      0.09606
1050 1050        51863     6.29e+04       105524      -0.2589
1051 1051        53365     6.29e+04       105524      -0.2237
1052 1052        67680     6.29e+04       105524       0.1122
1053 1053        70932     6.29e+04       105524       0.1885
1054 1054        64430     6.29e+04       105524      0.03591
1055 1055        70406     6.29e+04       105524       0.1761
1056 1056        69132     6.29e+04       105524       0.1462
1057 1057        70367     6.29e+04       105524       0.1752
1058 1058        71155     6.29e+04       105524       0.1937
1059 1059        58220     6.29e+04       105524      -0.1098
1060 1060        71415     6.29e+04       105524       0.1998
1061 1061        74717     6.29e+04       105524       0.2772
1062 1062        68569     6.29e+04       105524        0.133
1063 1063        68757     6.29e+04       105524       0.1374
1064 1064        69038     6.29e+04       105524        0.144
1065 1065        56716     6.29e+04       105524      -0.1451
1066 1066        67323     6.29e+04       105524       0.1038
1067 1067        69064     6.29e+04       105524       0.1446
1068 1068        52028     6.29e+04       105524       -0.255
1069 1069        68408     6.29e+04       105524       0.1292
1070 1070        68623     6.29e+04       105524       0.1343
1071 1071        64992     6.29e+04       105524       0.0491
1072 1072        71989     6.29e+04       105524       0.2132
1073 1073        70277     6.29e+04       105524       0.1731
1074 1074        54379     6.29e+04       105524      -0.1999
1075 1075        71881     6.29e+04       105524       0.2107
1077 1077        69335     6.29e+04       105524        0.151
1078 1078        71127     6.29e+04       105524        0.193
1079 1079        71421     6.29e+04       105524       0.1999
1080 1080        69961     6.29e+04       105524       0.1657
1081 1081        67519     6.29e+04       105524       0.1084
1082 1082        67057     6.29e+04       105524      0.09754
1083 1083        47344     6.29e+04       105524      -0.3649
1084 1084        69984     6.29e+04       105524       0.1662
1085 1085        65494     6.29e+04       105524      0.06087
1086 1086        67089     6.29e+04       105524      0.09829
1087 1087        70328     6.29e+04       105524       0.1743
1088 1088        65779     6.29e+04       105524      0.06756
1089 1089        66980     6.29e+04       105524      0.09574
1090 1090        58514     6.29e+04       105524      -0.1029
1093 1093        67538     6.29e+04       105524       0.1088
1094 1094        64073     6.29e+04       105524      0.02754
1095 1095        54514     6.29e+04       105524      -0.1967
1096 1096        53843     6.29e+04       105524      -0.2125
1097 1097        57757     6.29e+04       105524      -0.1206
1098 1098        69758     6.29e+04       105524       0.1609
1099 1099        69509     6.29e+04       105524       0.1551
1100 1100        65980     6.29e+04       105524      0.07227
1101 1101        64510     6.29e+04       105524      0.03779
1102 1102        69418     6.29e+04       105524       0.1529
1103 1103        66162     6.29e+04       105524      0.07654
1104 1104        68471     6.29e+04       105524       0.1307
1105 1105        61079     6.29e+04       105524     -0.04271
1106 1106        65457     6.29e+04       105524         0.06
1107 1107        71830     6.29e+04       105524       0.2095
1108 1108        67433     6.29e+04       105524       0.1064
1109 1109        67339     6.29e+04       105524       0.1042
1110 1110        55939     6.29e+04       105524      -0.1633
1111 1111        68939     6.29e+04       105524       0.1417
1112 1112        67784     6.29e+04       105524       0.1146
1113 1113        72622     6.29e+04       105524       0.2281
1114 1114        68408     6.29e+04       105524       0.1292
1115 1115        69498     6.29e+04       105524       0.1548
1116 1116        66382     6.29e+04       105524      0.08171
1118 1118        69984     6.29e+04       105524       0.1662
1119 1119        67022     6.29e+04       105524      0.09672
1120 1120        53380     6.29e+04       105524      -0.2233
1121 1121        66633     6.29e+04       105524      0.08759
1122 1122        70270     6.29e+04       105524       0.1729
1123 1123        64718     6.29e+04       105524      0.04267
1124 1124        68797     6.29e+04       105524       0.1384
1125 1125        59213     6.29e+04       105524     -0.08648
1126 1126        66850     6.29e+04       105524      0.09269
1127 1127        66634     6.29e+04       105524      0.08762
1129 1129        66261     6.29e+04       105524      0.07887
1130 1130        67542     6.29e+04       105524       0.1089
1131 1131        56475     6.29e+04       105524      -0.1507
1132 1132        69204     6.29e+04       105524       0.1479
1133 1133        70977     6.29e+04       105524       0.1895
1134 1134        65001     6.29e+04       105524      0.04931
1135 1135        71845     6.29e+04       105524       0.2099
1136 1136        57705     6.29e+04       105524      -0.1219
1137 1137        67044     6.29e+04       105524      0.09724
1138 1138        72636     6.29e+04       105524       0.2284
1139 1139        54304     6.29e+04       105524      -0.2017
1140 1140        65952     6.29e+04       105524      0.07162
1141 1141        68719     6.29e+04       105524       0.1365
1142 1142        66391     6.29e+04       105524      0.08192
1143 1143        51890     6.29e+04       105524      -0.2583
1144 1144        68158     6.29e+04       105524       0.1234
1145 1145        70808     6.29e+04       105524       0.1855
1146 1146        66624     6.29e+04       105524      0.08738
1147 1147        66472     6.29e+04       105524      0.08382
1148 1148        70706     6.29e+04       105524       0.1831
1150 1150        66672     6.29e+04       105524      0.08851
1151 1151        70463     6.29e+04       105524       0.1774
1152 1152        64214     6.29e+04       105524      0.03084
1153 1153        67701     6.29e+04       105524       0.1127
1154 1154        71628     6.29e+04       105524       0.2048
1155 1155        68862     6.29e+04       105524       0.1399
1156 1156        70431     6.29e+04       105524       0.1767
1157 1157        66720     6.29e+04       105524      0.08964
1158 1158        58367     6.29e+04       105524      -0.1063
1159 1159        67004     6.29e+04       105524       0.0963
1160 1160        68030     6.29e+04       105524       0.1204
1161 1161        69613     6.29e+04       105524       0.1575
1162 1162        55527     6.29e+04       105524       -0.173
1163 1163        66935     6.29e+04       105524      0.09468
1164 1164        63163     6.29e+04       105524     0.006186
1165 1165        58141     6.29e+04       105524      -0.1116
1167 1167        46175     6.29e+04       105524      -0.3924
1168 1168        70466     6.29e+04       105524       0.1775
1169 1169        69712     6.29e+04       105524       0.1598
1170 1170        67069     6.29e+04       105524      0.09782
1171 1171        64684     6.29e+04       105524      0.04187
1172 1172        73380     6.29e+04       105524       0.2459
1173 1173        62802     6.29e+04       105524    -0.002283
1174 1174        73433     6.29e+04       105524       0.2471
1175 1175        66491     6.29e+04       105524      0.08426
1176 1176        69810     6.29e+04       105524       0.1621
1177 1177        69795     6.29e+04       105524       0.1618
1184 1184        64742     6.29e+04       105524      0.04323
1185 1185        69139     6.29e+04       105524       0.1464
1186 1186        67991     6.29e+04       105524       0.1195
1187 1187        65657     6.29e+04       105524       0.0647
1189 1189        67206     6.29e+04       105524        0.101
1190 1190        54298     6.29e+04       105524      -0.2018
1192 1192        69297     6.29e+04       105524       0.1501
1193 1193        50568     6.29e+04       105524      -0.2893
1194 1194        69638     6.29e+04       105524       0.1581
1195 1195        72739     6.29e+04       105524       0.2308
1196 1196        70314     6.29e+04       105524        0.174
1197 1197        66584     6.29e+04       105524      0.08644
1198 1198        70022     6.29e+04       105524       0.1671
1199 1199        63197     6.29e+04       105524     0.006984
1200 1200        73453     6.29e+04       105524       0.2476
1205 1205        56117     6.29e+04       105524      -0.1591
1206 1206        69947     6.29e+04       105524       0.1653
1207 1207        65056     6.29e+04       105524       0.0506
1209 1209        67386     6.29e+04       105524       0.1053
1210 1210        54951     6.29e+04       105524      -0.1865
1211 1211        48278     6.29e+04       105524       -0.343
1212 1212        66690     6.29e+04       105524      0.08893
1213 1213        72726     6.29e+04       105524       0.2305
1215 1215        68783     6.29e+04       105524        0.138
1216 1216        67745     6.29e+04       105524       0.1137
1218 1218        67621     6.29e+04       105524       0.1108
1221 1221        52605     6.29e+04       105524      -0.2415
1222 1222        65196     6.29e+04       105524      0.05388
1223 1223        72309     6.29e+04       105524       0.2208
1224 1224        68200     6.29e+04       105524       0.1244
1226 1226        72638     6.29e+04       105524       0.2285
1227 1227        70204     6.29e+04       105524       0.1714
1228 1228        74071     6.29e+04       105524       0.2621
1230 1230        66471     6.29e+04       105524      0.08379
1232 1232        68660     6.29e+04       105524       0.1351
1233 1233        56024     6.29e+04       105524      -0.1613
1238 1238        71779     6.29e+04       105524       0.2083
1239 1239        71689     6.29e+04       105524       0.2062
1240 1240        54884     6.29e+04       105524       -0.188
1301 1301        84303     6.29e+04       105524       0.5021
1302 1302        84313     6.29e+04       105524       0.5024
