PC	eigenvalue	proportion of total	cumulative proportion
0	238.86906	0.04194	0.04194
1	170.68865	0.02997	0.07192
2	129.08621	0.02267	0.09458
3	106.63902	0.01873	0.11331
4	101.36383	0.0178	0.13111
5	86.24965	0.01515	0.14625
6	74.992	0.01317	0.15942
7	63.69238	0.01118	0.17061
8	56.07886	0.00985	0.18045
9	49.85918	0.00876	0.18921
10	44.5641	0.00783	0.19704
11	43.24747	0.00759	0.20463
12	42.18919	0.00741	0.21204
13	41.09082	0.00722	0.21925
14	39.73626	0.00698	0.22623
15	38.5637	0.00677	0.233
16	36.13913	0.00635	0.23935
17	35.91079	0.00631	0.24565
18	33.46233	0.00588	0.25153
19	33.22125	0.00583	0.25736
20	32.34465	0.00568	0.26304
21	31.41719	0.00552	0.26856
22	29.99359	0.00527	0.27383
23	29.4471	0.00517	0.279
24	28.49072	0.005	0.284
25	27.42841	0.00482	0.28882
26	27.03598	0.00475	0.29356
27	26.02392	0.00457	0.29813
28	25.74031	0.00452	0.30265
29	25.01452	0.00439	0.30705
30	24.62925	0.00432	0.31137
31	23.99031	0.00421	0.31558
32	23.56856	0.00414	0.31972
33	23.16223	0.00407	0.32379
34	22.67779	0.00398	0.32777
35	22.29967	0.00392	0.33169
36	21.85772	0.00384	0.33553
37	21.50165	0.00378	0.3393
38	20.83043	0.00366	0.34296
39	20.69058	0.00363	0.34659
40	20.54108	0.00361	0.3502
41	20.09798	0.00353	0.35373
42	19.84288	0.00348	0.35721
43	19.6392	0.00345	0.36066
44	19.14122	0.00336	0.36402
45	18.99044	0.00333	0.36736
46	18.42387	0.00324	0.37059
47	18.3566	0.00322	0.37382
48	18.33235	0.00322	0.37704
49	18.13599	0.00318	0.38022
50	17.87738	0.00314	0.38336
51	17.64778	0.0031	0.38646
52	17.32627	0.00304	0.3895
53	17.13034	0.00301	0.39251
54	16.99985	0.00299	0.39549
55	16.49202	0.0029	0.39839
56	16.45647	0.00289	0.40128
57	16.12827	0.00283	0.40411
58	15.99913	0.00281	0.40692
59	15.8791	0.00279	0.40971
60	15.7709	0.00277	0.41248
61	15.52142	0.00273	0.4152
62	15.2865	0.00268	0.41789
63	15.15646	0.00266	0.42055
64	15.07063	0.00265	0.4232
65	14.90486	0.00262	0.42581
66	14.81392	0.0026	0.42841
67	14.68523	0.00258	0.43099
68	14.55486	0.00256	0.43355
69	14.45411	0.00254	0.43609
70	14.37692	0.00252	0.43861
71	14.22342	0.0025	0.44111
72	14.00179	0.00246	0.44357
73	13.9024	0.00244	0.44601
74	13.77492	0.00242	0.44843
75	13.63848	0.00239	0.45082
76	13.45147	0.00236	0.45319
77	13.43432	0.00236	0.45554
78	13.29126	0.00233	0.45788
79	13.14956	0.00231	0.46019
80	12.91971	0.00227	0.46246
81	12.79181	0.00225	0.4647
82	12.67378	0.00223	0.46693
83	12.58449	0.00221	0.46914
84	12.52056	0.0022	0.47134
85	12.36328	0.00217	0.47351
86	12.29744	0.00216	0.47567
87	12.2693	0.00215	0.47782
88	12.07593	0.00212	0.47994
89	12.03258	0.00211	0.48205
90	11.90127	0.00209	0.48414
91	11.85735	0.00208	0.48623
92	11.75717	0.00206	0.48829
93	11.67483	0.00205	0.49034
94	11.50319	0.00202	0.49236
95	11.40757	0.002	0.49436
96	11.36762	0.002	0.49636
97	11.23301	0.00197	0.49833
98	11.18698	0.00196	0.5003
99	11.13011	0.00195	0.50225
100	11.01829	0.00193	0.50419
101	10.8473	0.0019	0.50609
102	10.81158	0.0019	0.50799
103	10.66099	0.00187	0.50986
104	10.59292	0.00186	0.51172
105	10.48654	0.00184	0.51356
106	10.46612	0.00184	0.5154
107	10.38695	0.00182	0.51722
108	10.31017	0.00181	0.51904
109	10.28061	0.00181	0.52084
110	10.19198	0.00179	0.52263
111	10.09464	0.00177	0.5244
112	10.04855	0.00176	0.52617
113	10.00919	0.00176	0.52792
114	9.91688	0.00174	0.52967
115	9.86078	0.00173	0.5314
116	9.80066	0.00172	0.53312
117	9.73103	0.00171	0.53483
118	9.65201	0.00169	0.53652
119	9.53181	0.00167	0.5382
120	9.47228	0.00166	0.53986
121	9.40994	0.00165	0.54151
122	9.30609	0.00163	0.54315
123	9.22755	0.00162	0.54477
124	9.19584	0.00161	0.54638
125	9.17818	0.00161	0.54799
126	9.09919	0.0016	0.54959
127	9.057	0.00159	0.55118
128	9.00683	0.00158	0.55276
129	8.92124	0.00157	0.55433
130	8.90104	0.00156	0.55589
131	8.82408	0.00155	0.55744
132	8.7657	0.00154	0.55898
133	8.71993	0.00153	0.56051
134	8.65498	0.00152	0.56203
135	8.61493	0.00151	0.56354
136	8.57765	0.00151	0.56505
137	8.52953	0.0015	0.56655
138	8.43663	0.00148	0.56803
139	8.37852	0.00147	0.5695
140	8.34952	0.00147	0.57097
141	8.31497	0.00146	0.57243
142	8.28022	0.00145	0.57388
143	8.24705	0.00145	0.57533
144	8.19158	0.00144	0.57677
145	8.13431	0.00143	0.5782
146	8.0868	0.00142	0.57962
147	8.02524	0.00141	0.58103
148	7.99577	0.0014	0.58243
149	7.97245	0.0014	0.58383
150	7.8943	0.00139	0.58522
151	7.85811	0.00138	0.5866
152	7.829	0.00137	0.58797
153	7.79376	0.00137	0.58934
154	7.74651	0.00136	0.5907
155	7.71704	0.00136	0.59205
156	7.68221	0.00135	0.5934
157	7.66128	0.00135	0.59475
158	7.6252	0.00134	0.59609
159	7.59309	0.00133	0.59742
160	7.54725	0.00133	0.59875
161	7.49445	0.00132	0.60006
162	7.45811	0.00131	0.60137
163	7.37287	0.00129	0.60267
164	7.33215	0.00129	0.60395
165	7.27976	0.00128	0.60523
166	7.26565	0.00128	0.60651
167	7.19947	0.00126	0.60777
168	7.18641	0.00126	0.60903
169	7.16557	0.00126	0.61029
170	7.12585	0.00125	0.61154
171	7.06526	0.00124	0.61278
172	7.05241	0.00124	0.61402
173	7.02432	0.00123	0.61526
174	6.99664	0.00123	0.61648
175	6.97893	0.00123	0.61771
176	6.92258	0.00122	0.61893
177	6.87834	0.00121	0.62013
178	6.86081	0.0012	0.62134
179	6.79755	0.00119	0.62253
180	6.76204	0.00119	0.62372
181	6.71776	0.00118	0.6249
182	6.69093	0.00117	0.62607
183	6.66938	0.00117	0.62725
184	6.6484	0.00117	0.62841
185	6.60865	0.00116	0.62957
186	6.58788	0.00116	0.63073
187	6.559	0.00115	0.63188
188	6.50953	0.00114	0.63302
189	6.481	0.00114	0.63416
190	6.47039	0.00114	0.6353
191	6.45074	0.00113	0.63643
192	6.40205	0.00112	0.63756
193	6.38367	0.00112	0.63868
194	6.35507	0.00112	0.63979
195	6.32229	0.00111	0.6409
196	6.29931	0.00111	0.64201
197	6.26033	0.0011	0.64311
198	6.2304	0.00109	0.6442
199	6.19239	0.00109	0.64529
200	6.16517	0.00108	0.64637
201	6.14856	0.00108	0.64745
202	6.09988	0.00107	0.64852
203	6.07791	0.00107	0.64959
204	6.05675	0.00106	0.65065
205	6.04842	0.00106	0.65172
206	6.02736	0.00106	0.65277
207	5.9972	0.00105	0.65383
208	5.96093	0.00105	0.65487
209	5.94081	0.00104	0.65592
210	5.90307	0.00104	0.65695
211	5.89349	0.00103	0.65799
212	5.87396	0.00103	0.65902
213	5.82936	0.00102	0.66004
214	5.8033	0.00102	0.66106
215	5.77579	0.00101	0.66208
216	5.75191	0.00101	0.66309
217	5.73258	0.00101	0.66409
218	5.71515	0.001	0.6651
219	5.70023	0.001	0.6661
220	5.68644	9.9853E-4	0.6671
221	5.66845	9.9537E-4	0.66809
222	5.65473	9.9296E-4	0.66909
223	5.62142	9.8711E-4	0.67007
224	5.60231	9.8375E-4	0.67106
225	5.5492	9.7443E-4	0.67203
226	5.53281	9.7155E-4	0.673
227	5.50758	9.6712E-4	0.67397
228	5.49372	9.6469E-4	0.67493
229	5.48138	9.6252E-4	0.6759
230	5.45982	9.5873E-4	0.67686
231	5.43595	9.5454E-4	0.67781
232	5.40988	9.4996E-4	0.67876
233	5.39824	9.4792E-4	0.67971
234	5.38214	9.4509E-4	0.68065
235	5.3769	9.4417E-4	0.6816
236	5.33959	9.3762E-4	0.68253
237	5.32648	9.3532E-4	0.68347
238	5.30371	9.3132E-4	0.6844
239	5.28968	9.2886E-4	0.68533
240	5.24843	9.2161E-4	0.68625
241	5.23371	9.1903E-4	0.68717
242	5.21449	9.1565E-4	0.68809
243	5.1987	9.1288E-4	0.689
244	5.19178	9.1167E-4	0.68991
245	5.16968	9.0778E-4	0.69082
246	5.15375	9.0499E-4	0.69172
247	5.11494	8.9817E-4	0.69262
248	5.09524	8.9471E-4	0.69352
249	5.08549	8.93E-4	0.69441
250	5.07473	8.9111E-4	0.6953
251	5.05541	8.8772E-4	0.69619
252	5.04352	8.8563E-4	0.69707
253	5.01721	8.8101E-4	0.69795
254	5.00333	8.7857E-4	0.69883
255	4.97359	8.7335E-4	0.69971
256	4.96733	8.7225E-4	0.70058
257	4.95568	8.7021E-4	0.70145
258	4.92119	8.6415E-4	0.70231
259	4.90002	8.6043E-4	0.70317
260	4.89328	8.5925E-4	0.70403
261	4.87176	8.5547E-4	0.70489
262	4.86303	8.5394E-4	0.70574
263	4.83106	8.4832E-4	0.70659
264	4.81953	8.463E-4	0.70744
265	4.80956	8.4455E-4	0.70828
266	4.79746	8.4242E-4	0.70912
267	4.77971	8.3931E-4	0.70996
268	4.76704	8.3708E-4	0.7108
269	4.75584	8.3511E-4	0.71164
270	4.74299	8.3286E-4	0.71247
271	4.73082	8.3072E-4	0.7133
272	4.71574	8.2807E-4	0.71413
273	4.69501	8.2443E-4	0.71495
274	4.6838	8.2247E-4	0.71577
275	4.67931	8.2168E-4	0.7166
276	4.64314	8.1533E-4	0.71741
277	4.62724	8.1253E-4	0.71822
278	4.61848	8.1099E-4	0.71903
279	4.60812	8.0918E-4	0.71984
280	4.60013	8.0777E-4	0.72065
281	4.57432	8.0324E-4	0.72145
282	4.56604	8.0179E-4	0.72226
283	4.54301	7.9774E-4	0.72305
284	4.53715	7.9671E-4	0.72385
285	4.52306	7.9424E-4	0.72465
286	4.51417	7.9268E-4	0.72544
287	4.49187	7.8876E-4	0.72623
288	4.47721	7.8619E-4	0.72701
289	4.47381	7.8559E-4	0.7278
290	4.44811	7.8108E-4	0.72858
291	4.44469	7.8048E-4	0.72936
292	4.41645	7.7552E-4	0.73014
293	4.39868	7.724E-4	0.73091
294	4.39792	7.7226E-4	0.73168
295	4.38887	7.7068E-4	0.73245
296	4.3726	7.6782E-4	0.73322
297	4.36395	7.663E-4	0.73399
298	4.3544	7.6462E-4	0.73475
299	4.34672	7.6327E-4	0.73551
300	4.32073	7.5871E-4	0.73627
301	4.30873	7.566E-4	0.73703
302	4.299	7.5489E-4	0.73778
303	4.29097	7.5349E-4	0.73854
304	4.26372	7.487E-4	0.73929
305	4.25184	7.4661E-4	0.74003
306	4.24735	7.4582E-4	0.74078
307	4.2373	7.4406E-4	0.74152
308	4.23336	7.4337E-4	0.74227
309	4.20864	7.3903E-4	0.743
310	4.20704	7.3875E-4	0.74374
311	4.1927	7.3623E-4	0.74448
312	4.17676	7.3343E-4	0.74521
313	4.15276	7.2921E-4	0.74594
314	4.152	7.2908E-4	0.74667
315	4.1477	7.2833E-4	0.7474
316	4.12094	7.2363E-4	0.74812
317	4.11107	7.2189E-4	0.74884
318	4.09657	7.1935E-4	0.74956
319	4.08858	7.1795E-4	0.75028
320	4.07032	7.1474E-4	0.751
321	4.05131	7.114E-4	0.75171
322	4.046	7.1047E-4	0.75242
323	4.03211	7.0803E-4	0.75313
324	4.02437	7.0667E-4	0.75383
325	4.02244	7.0633E-4	0.75454
326	4.01499	7.0502E-4	0.75524
327	4.00015	7.0242E-4	0.75595
328	3.99004	7.0064E-4	0.75665
329	3.97257	6.9757E-4	0.75735
330	3.95857	6.9512E-4	0.75804
331	3.95124	6.9383E-4	0.75873
332	3.93785	6.9148E-4	0.75943
333	3.92736	6.8964E-4	0.76012
334	3.92188	6.8867E-4	0.7608
335	3.9095	6.865E-4	0.76149
336	3.89755	6.844E-4	0.76218
337	3.88213	6.8169E-4	0.76286
338	3.87341	6.8016E-4	0.76354
339	3.86854	6.7931E-4	0.76422
340	3.84638	6.7542E-4	0.76489
341	3.8389	6.741E-4	0.76557
342	3.83256	6.7299E-4	0.76624
343	3.82232	6.7119E-4	0.76691
344	3.81451	6.6982E-4	0.76758
345	3.8092	6.6889E-4	0.76825
346	3.79296	6.6604E-4	0.76891
347	3.78823	6.6521E-4	0.76958
348	3.7844	6.6453E-4	0.77024
349	3.77464	6.6282E-4	0.77091
350	3.76233	6.6066E-4	0.77157
351	3.74672	6.5792E-4	0.77223
352	3.74563	6.5772E-4	0.77288
353	3.72542	6.5418E-4	0.77354
354	3.72156	6.535E-4	0.77419
355	3.71195	6.5181E-4	0.77484
356	3.70193	6.5005E-4	0.77549
357	3.68558	6.4718E-4	0.77614
358	3.67711	6.4569E-4	0.77679
359	3.67685	6.4565E-4	0.77743
360	3.67191	6.4478E-4	0.77808
361	3.66402	6.4339E-4	0.77872
362	3.64464	6.3999E-4	0.77936
363	3.63744	6.3873E-4	0.78
364	3.62311	6.3621E-4	0.78063
365	3.61945	6.3557E-4	0.78127
366	3.61111	6.341E-4	0.7819
367	3.60024	6.3219E-4	0.78254
368	3.59513	6.313E-4	0.78317
369	3.58933	6.3028E-4	0.7838
370	3.57264	6.2735E-4	0.78443
371	3.56957	6.2681E-4	0.78505
372	3.5682	6.2657E-4	0.78568
373	3.55383	6.2404E-4	0.7863
374	3.54238	6.2203E-4	0.78692
375	3.53725	6.2113E-4	0.78755
376	3.53101	6.2004E-4	0.78817
377	3.5255	6.1907E-4	0.78879
378	3.5158	6.1737E-4	0.7894
379	3.51004	6.1636E-4	0.79002
380	3.49507	6.1373E-4	0.79063
381	3.48573	6.1209E-4	0.79124
382	3.47703	6.1056E-4	0.79186
383	3.47129	6.0955E-4	0.79246
384	3.45909	6.0741E-4	0.79307
385	3.44507	6.0495E-4	0.79368
386	3.43717	6.0356E-4	0.79428
387	3.43378	6.0296E-4	0.79488
388	3.42618	6.0163E-4	0.79549
389	3.41359	5.9942E-4	0.79608
390	3.4105	5.9888E-4	0.79668
391	3.39711	5.9652E-4	0.79728
392	3.39015	5.953E-4	0.79788
393	3.38289	5.9403E-4	0.79847
394	3.38057	5.9362E-4	0.79906
395	3.37063	5.9188E-4	0.79965
396	3.36398	5.9071E-4	0.80025
397	3.35728	5.8953E-4	0.80084
398	3.35286	5.8876E-4	0.80142
399	3.34081	5.8664E-4	0.80201
400	3.3297	5.8469E-4	0.8026
401	3.325	5.8386E-4	0.80318
402	3.32034	5.8304E-4	0.80376
403	3.31541	5.8218E-4	0.80434
404	3.30792	5.8086E-4	0.80493
405	3.30336	5.8006E-4	0.80551
406	3.29367	5.7836E-4	0.80608
407	3.28321	5.7652E-4	0.80666
408	3.2798	5.7592E-4	0.80724
409	3.26477	5.7329E-4	0.80781
410	3.26288	5.7295E-4	0.80838
411	3.25309	5.7123E-4	0.80895
412	3.2475	5.7025E-4	0.80952
413	3.23724	5.6845E-4	0.81009
414	3.22389	5.6611E-4	0.81066
415	3.21943	5.6532E-4	0.81122
416	3.21585	5.647E-4	0.81179
417	3.20017	5.6194E-4	0.81235
418	3.19685	5.6136E-4	0.81291
419	3.18923	5.6002E-4	0.81347
420	3.18552	5.5937E-4	0.81403
421	3.18356	5.5903E-4	0.81459
422	3.17755	5.5797E-4	0.81515
423	3.16712	5.5614E-4	0.8157
424	3.16334	5.5547E-4	0.81626
425	3.15798	5.5453E-4	0.81681
426	3.152	5.5348E-4	0.81737
427	3.14809	5.528E-4	0.81792
428	3.13928	5.5125E-4	0.81847
429	3.13206	5.4998E-4	0.81902
430	3.12259	5.4832E-4	0.81957
431	3.11843	5.4759E-4	0.82012
432	3.11419	5.4685E-4	0.82066
433	3.10199	5.447E-4	0.82121
434	3.09948	5.4426E-4	0.82175
435	3.09143	5.4285E-4	0.8223
436	3.08281	5.4133E-4	0.82284
437	3.07675	5.4027E-4	0.82338
438	3.06969	5.3903E-4	0.82392
439	3.06693	5.3855E-4	0.82446
440	3.05359	5.362E-4	0.82499
441	3.04989	5.3555E-4	0.82553
442	3.04304	5.3435E-4	0.82606
443	3.04153	5.3409E-4	0.8266
444	3.03637	5.3318E-4	0.82713
445	3.02912	5.3191E-4	0.82766
446	3.02609	5.3137E-4	0.82819
447	3.02385	5.3098E-4	0.82872
448	3.01341	5.2915E-4	0.82925
449	3.00468	5.2762E-4	0.82978
450	3.00101	5.2697E-4	0.83031
451	2.99744	5.2634E-4	0.83083
452	2.99331	5.2562E-4	0.83136
453	2.98069	5.234E-4	0.83188
454	2.97841	5.23E-4	0.83241
455	2.97075	5.2166E-4	0.83293
456	2.96156	5.2004E-4	0.83345
457	2.95513	5.1891E-4	0.83397
458	2.95312	5.1856E-4	0.83448
459	2.94643	5.1739E-4	0.835
460	2.94413	5.1698E-4	0.83552
461	2.93824	5.1595E-4	0.83603
462	2.93628	5.156E-4	0.83655
463	2.92405	5.1346E-4	0.83706
464	2.9151	5.1189E-4	0.83758
465	2.91055	5.1109E-4	0.83809
466	2.90123	5.0945E-4	0.8386
467	2.90059	5.0934E-4	0.83911
468	2.89329	5.0805E-4	0.83961
469	2.88833	5.0718E-4	0.84012
470	2.88406	5.0643E-4	0.84063
471	2.87752	5.0529E-4	0.84113
472	2.86616	5.0329E-4	0.84164
473	2.86442	5.0299E-4	0.84214
474	2.86171	5.0251E-4	0.84264
475	2.84915	5.003E-4	0.84314
476	2.8462	4.9979E-4	0.84364
477	2.83786	4.9832E-4	0.84414
478	2.83397	4.9764E-4	0.84464
479	2.82987	4.9692E-4	0.84513
480	2.82612	4.9626E-4	0.84563
481	2.81826	4.9488E-4	0.84613
482	2.81227	4.9383E-4	0.84662
483	2.80987	4.9341E-4	0.84711
484	2.80458	4.9248E-4	0.84761
485	2.80218	4.9206E-4	0.8481
486	2.79205	4.9028E-4	0.84859
487	2.78735	4.8945E-4	0.84908
488	2.78477	4.89E-4	0.84957
489	2.77767	4.8775E-4	0.85005
490	2.77614	4.8748E-4	0.85054
491	2.77157	4.8668E-4	0.85103
492	2.76229	4.8505E-4	0.85151
493	2.7594	4.8454E-4	0.852
494	2.75493	4.8376E-4	0.85248
495	2.74844	4.8262E-4	0.85296
496	2.74281	4.8163E-4	0.85345
497	2.73947	4.8104E-4	0.85393
498	2.73422	4.8012E-4	0.85441
499	2.72754	4.7895E-4	0.85489
500	2.72407	4.7834E-4	0.85536
501	2.71881	4.7742E-4	0.85584
502	2.71251	4.7631E-4	0.85632
503	2.70558	4.7509E-4	0.85679
504	2.70394	4.7481E-4	0.85727
505	2.69591	4.7339E-4	0.85774
506	2.69264	4.7282E-4	0.85821
507	2.68638	4.7172E-4	0.85869
508	2.68188	4.7093E-4	0.85916
509	2.67383	4.6952E-4	0.85963
510	2.66963	4.6878E-4	0.86009
511	2.66685	4.6829E-4	0.86056
512	2.66526	4.6801E-4	0.86103
513	2.65658	4.6649E-4	0.8615
514	2.65473	4.6617E-4	0.86196
515	2.65157	4.6561E-4	0.86243
516	2.64514	4.6448E-4	0.86289
517	2.63954	4.635E-4	0.86336
518	2.63513	4.6272E-4	0.86382
519	2.62938	4.6171E-4	0.86428
520	2.62421	4.6081E-4	0.86474
521	2.62112	4.6026E-4	0.8652
522	2.61591	4.5935E-4	0.86566
523	2.61286	4.5881E-4	0.86612
524	2.60931	4.5819E-4	0.86658
525	2.59987	4.5653E-4	0.86704
526	2.59503	4.5568E-4	0.86749
527	2.59443	4.5558E-4	0.86795
528	2.5891	4.5464E-4	0.8684
529	2.58451	4.5383E-4	0.86886
530	2.57453	4.5208E-4	0.86931
531	2.56808	4.5095E-4	0.86976
532	2.56517	4.5044E-4	0.87021
533	2.55697	4.49E-4	0.87066
534	2.55196	4.4812E-4	0.87111
535	2.54556	4.4699E-4	0.87155
536	2.54344	4.4662E-4	0.872
537	2.5375	4.4558E-4	0.87245
538	2.53268	4.4473E-4	0.87289
539	2.52832	4.4397E-4	0.87333
540	2.52448	4.4329E-4	0.87378
541	2.52071	4.4263E-4	0.87422
542	2.51768	4.421E-4	0.87466
543	2.51262	4.4121E-4	0.8751
544	2.50877	4.4053E-4	0.87554
545	2.50411	4.3972E-4	0.87598
546	2.50182	4.3931E-4	0.87642
547	2.49597	4.3829E-4	0.87686
548	2.48955	4.3716E-4	0.8773
549	2.48651	4.3663E-4	0.87773
550	2.48126	4.357E-4	0.87817
551	2.47958	4.3541E-4	0.87861
552	2.47778	4.3509E-4	0.87904
553	2.46441	4.3274E-4	0.87947
554	2.46155	4.3224E-4	0.87991
555	2.46045	4.3205E-4	0.88034
556	2.45269	4.3069E-4	0.88077
557	2.44582	4.2948E-4	0.8812
558	2.44391	4.2915E-4	0.88163
559	2.44337	4.2905E-4	0.88206
560	2.43736	4.2799E-4	0.88248
561	2.43239	4.2712E-4	0.88291
562	2.43035	4.2676E-4	0.88334
563	2.42586	4.2598E-4	0.88376
564	2.42484	4.258E-4	0.88419
565	2.41874	4.2473E-4	0.88461
566	2.41447	4.2398E-4	0.88504
567	2.40757	4.2276E-4	0.88546
568	2.40439	4.2221E-4	0.88588
569	2.4007	4.2156E-4	0.88631
570	2.39565	4.2067E-4	0.88673
571	2.39263	4.2014E-4	0.88715
572	2.39027	4.1973E-4	0.88757
573	2.38324	4.1849E-4	0.88798
574	2.38059	4.1803E-4	0.8884
575	2.37891	4.1773E-4	0.88882
576	2.3737	4.1682E-4	0.88924
577	2.36781	4.1578E-4	0.88965
578	2.36382	4.1508E-4	0.89007
579	2.36283	4.1491E-4	0.89048
580	2.35995	4.144E-4	0.8909
581	2.34959	4.1258E-4	0.89131
582	2.34753	4.1222E-4	0.89172
583	2.34289	4.1141E-4	0.89213
584	2.33486	4.1E-4	0.89254
585	2.33394	4.0983E-4	0.89295
586	2.3325	4.0958E-4	0.89336
587	2.32871	4.0892E-4	0.89377
588	2.32574	4.084E-4	0.89418
589	2.32166	4.0768E-4	0.89459
590	2.31781	4.07E-4	0.89499
591	2.3104	4.057E-4	0.8954
592	2.30318	4.0443E-4	0.8958
593	2.30083	4.0402E-4	0.89621
594	2.2976	4.0345E-4	0.89661
595	2.28824	4.0181E-4	0.89701
596	2.2859	4.014E-4	0.89742
597	2.28057	4.0046E-4	0.89782
598	2.27804	4.0002E-4	0.89822
599	2.2759	3.9964E-4	0.89862
600	2.26969	3.9855E-4	0.89901
601	2.26681	3.9805E-4	0.89941
602	2.26556	3.9783E-4	0.89981
603	2.25856	3.966E-4	0.90021
604	2.25508	3.9599E-4	0.9006
605	2.25363	3.9573E-4	0.901
606	2.24999	3.9509E-4	0.90139
607	2.24452	3.9413E-4	0.90179
608	2.2426	3.938E-4	0.90218
609	2.23785	3.9296E-4	0.90257
610	2.23222	3.9197E-4	0.90297
611	2.23064	3.917E-4	0.90336
612	2.22483	3.9067E-4	0.90375
613	2.22292	3.9034E-4	0.90414
614	2.22027	3.8987E-4	0.90453
615	2.2172	3.8933E-4	0.90492
616	2.21347	3.8868E-4	0.90531
617	2.20785	3.8769E-4	0.90569
618	2.20665	3.8748E-4	0.90608
619	2.20597	3.8736E-4	0.90647
620	2.203	3.8684E-4	0.90686
621	2.19965	3.8625E-4	0.90724
622	2.19458	3.8536E-4	0.90763
623	2.18569	3.838E-4	0.90801
624	2.1821	3.8317E-4	0.90839
625	2.18072	3.8293E-4	0.90878
626	2.17971	3.8275E-4	0.90916
627	2.17293	3.8156E-4	0.90954
628	2.17118	3.8125E-4	0.90992
629	2.16807	3.8071E-4	0.9103
630	2.16497	3.8016E-4	0.91068
631	2.16071	3.7942E-4	0.91106
632	2.15559	3.7852E-4	0.91144
633	2.15268	3.7801E-4	0.91182
634	2.15048	3.7762E-4	0.9122
635	2.14781	3.7715E-4	0.91257
636	2.14237	3.762E-4	0.91295
637	2.13668	3.752E-4	0.91333
638	2.13625	3.7512E-4	0.9137
639	2.1353	3.7495E-4	0.91408
640	2.13059	3.7413E-4	0.91445
641	2.1253	3.732E-4	0.91482
642	2.11946	3.7217E-4	0.9152
643	2.11528	3.7144E-4	0.91557
644	2.10918	3.7037E-4	0.91594
645	2.10698	3.6998E-4	0.91631
646	2.10209	3.6912E-4	0.91668
647	2.09978	3.6872E-4	0.91705
648	2.09819	3.6844E-4	0.91741
649	2.09379	3.6766E-4	0.91778
650	2.09191	3.6734E-4	0.91815
651	2.08572	3.6625E-4	0.91852
652	2.08505	3.6613E-4	0.91888
653	2.07984	3.6522E-4	0.91925
654	2.07861	3.65E-4	0.91961
655	2.07645	3.6462E-4	0.91998
656	2.07113	3.6369E-4	0.92034
657	2.06562	3.6272E-4	0.9207
658	2.0638	3.624E-4	0.92106
659	2.06009	3.6175E-4	0.92143
660	2.05436	3.6074E-4	0.92179
661	2.05003	3.5998E-4	0.92215
662	2.04536	3.5916E-4	0.92251
663	2.04145	3.5847E-4	0.92287
664	2.0402	3.5825E-4	0.92322
665	2.03426	3.5721E-4	0.92358
666	2.03325	3.5703E-4	0.92394
667	2.02914	3.5631E-4	0.92429
668	2.02785	3.5609E-4	0.92465
669	2.02379	3.5537E-4	0.92501
670	2.01975	3.5466E-4	0.92536
671	2.01809	3.5437E-4	0.92571
672	2.01328	3.5353E-4	0.92607
673	2.01126	3.5317E-4	0.92642
674	2.00644	3.5233E-4	0.92677
675	2.00473	3.5203E-4	0.92713
676	1.99382	3.5011E-4	0.92748
677	1.99174	3.4974E-4	0.92783
678	1.99026	3.4949E-4	0.92817
679	1.98779	3.4905E-4	0.92852
680	1.98474	3.4852E-4	0.92887
681	1.98274	3.4817E-4	0.92922
682	1.97812	3.4735E-4	0.92957
683	1.97411	3.4665E-4	0.92991
684	1.96894	3.4574E-4	0.93026
685	1.96646	3.4531E-4	0.93061
686	1.9651	3.4507E-4	0.93095
687	1.96301	3.447E-4	0.9313
688	1.95824	3.4386E-4	0.93164
689	1.95689	3.4363E-4	0.93198
690	1.95283	3.4291E-4	0.93233
691	1.94881	3.4221E-4	0.93267
692	1.94411	3.4138E-4	0.93301
693	1.93983	3.4063E-4	0.93335
694	1.93807	3.4032E-4	0.93369
695	1.93517	3.3981E-4	0.93403
696	1.93205	3.3926E-4	0.93437
697	1.9301	3.3892E-4	0.93471
698	1.92624	3.3824E-4	0.93505
699	1.91905	3.3698E-4	0.93538
700	1.91815	3.3682E-4	0.93572
701	1.91664	3.3656E-4	0.93606
702	1.90801	3.3504E-4	0.93639
703	1.90337	3.3423E-4	0.93673
704	1.90221	3.3402E-4	0.93706
705	1.89918	3.3349E-4	0.93739
706	1.89142	3.3213E-4	0.93773
707	1.88919	3.3174E-4	0.93806
708	1.8866	3.3128E-4	0.93839
709	1.88265	3.3059E-4	0.93872
710	1.88165	3.3041E-4	0.93905
711	1.87767	3.2972E-4	0.93938
712	1.87516	3.2927E-4	0.93971
713	1.8742	3.291E-4	0.94004
714	1.87058	3.2847E-4	0.94037
715	1.86144	3.2686E-4	0.94069
716	1.86019	3.2665E-4	0.94102
717	1.85726	3.2613E-4	0.94135
718	1.85532	3.2579E-4	0.94167
719	1.84714	3.2435E-4	0.942
720	1.84519	3.2401E-4	0.94232
721	1.84371	3.2375E-4	0.94264
722	1.83988	3.2308E-4	0.94297
723	1.8384	3.2282E-4	0.94329
724	1.83202	3.217E-4	0.94361
725	1.82614	3.2067E-4	0.94393
726	1.82515	3.2049E-4	0.94425
727	1.82152	3.1986E-4	0.94457
728	1.82084	3.1974E-4	0.94489
729	1.81685	3.1904E-4	0.94521
730	1.81415	3.1856E-4	0.94553
731	1.81064	3.1794E-4	0.94585
732	1.80445	3.1686E-4	0.94616
733	1.80279	3.1657E-4	0.94648
734	1.79677	3.1551E-4	0.9468
735	1.79342	3.1492E-4	0.94711
736	1.78995	3.1431E-4	0.94743
737	1.78502	3.1345E-4	0.94774
738	1.7835	3.1318E-4	0.94805
739	1.78102	3.1274E-4	0.94837
740	1.77704	3.1204E-4	0.94868
741	1.77169	3.111E-4	0.94899
742	1.76742	3.1036E-4	0.9493
743	1.76626	3.1015E-4	0.94961
744	1.76441	3.0983E-4	0.94992
745	1.7595	3.0896E-4	0.95023
746	1.75795	3.0869E-4	0.95054
747	1.75671	3.0847E-4	0.95084
748	1.7514	3.0754E-4	0.95115
749	1.74989	3.0728E-4	0.95146
750	1.74607	3.0661E-4	0.95177
751	1.74413	3.0626E-4	0.95207
752	1.73996	3.0553E-4	0.95238
753	1.73745	3.0509E-4	0.95268
754	1.73249	3.0422E-4	0.95299
755	1.72974	3.0374E-4	0.95329
756	1.72635	3.0314E-4	0.95359
757	1.72159	3.0231E-4	0.9539
758	1.72045	3.0211E-4	0.9542
759	1.71457	3.0107E-4	0.9545
760	1.70979	3.0023E-4	0.9548
761	1.70909	3.0011E-4	0.9551
762	1.70494	2.9938E-4	0.9554
763	1.70344	2.9912E-4	0.9557
764	1.69931	2.984E-4	0.956
765	1.69858	2.9827E-4	0.9563
766	1.69487	2.9762E-4	0.95659
767	1.6917	2.9706E-4	0.95689
768	1.68795	2.964E-4	0.95719
769	1.68423	2.9575E-4	0.95748
770	1.67957	2.9493E-4	0.95778
771	1.67633	2.9436E-4	0.95807
772	1.67565	2.9424E-4	0.95837
773	1.67165	2.9354E-4	0.95866
774	1.66449	2.9228E-4	0.95895
775	1.66249	2.9193E-4	0.95924
776	1.66022	2.9153E-4	0.95953
777	1.65515	2.9064E-4	0.95983
778	1.65351	2.9035E-4	0.96012
779	1.64815	2.8941E-4	0.96041
780	1.64487	2.8884E-4	0.96069
781	1.64187	2.8831E-4	0.96098
782	1.64034	2.8804E-4	0.96127
783	1.63637	2.8734E-4	0.96156
784	1.63234	2.8663E-4	0.96184
785	1.6294	2.8612E-4	0.96213
786	1.62523	2.8539E-4	0.96242
787	1.62278	2.8496E-4	0.9627
788	1.61979	2.8443E-4	0.96299
789	1.61203	2.8307E-4	0.96327
790	1.61009	2.8273E-4	0.96355
791	1.60583	2.8198E-4	0.96383
792	1.60341	2.8156E-4	0.96411
793	1.59887	2.8076E-4	0.9644
794	1.59785	2.8058E-4	0.96468
795	1.59465	2.8002E-4	0.96496
796	1.59163	2.7949E-4	0.96524
797	1.58859	2.7895E-4	0.96551
798	1.58706	2.7868E-4	0.96579
799	1.58533	2.7838E-4	0.96607
800	1.57807	2.771E-4	0.96635
801	1.57657	2.7684E-4	0.96663
802	1.56992	2.7567E-4	0.9669
803	1.56673	2.7511E-4	0.96718
804	1.56291	2.7444E-4	0.96745
805	1.5599	2.7391E-4	0.96772
806	1.55713	2.7343E-4	0.968
807	1.55331	2.7276E-4	0.96827
808	1.55134	2.7241E-4	0.96854
809	1.54536	2.7136E-4	0.96881
810	1.54394	2.7111E-4	0.96909
811	1.53868	2.7019E-4	0.96936
812	1.53142	2.6891E-4	0.96962
813	1.53072	2.6879E-4	0.96989
814	1.52755	2.6823E-4	0.97016
815	1.52284	2.6741E-4	0.97043
816	1.521	2.6708E-4	0.9707
817	1.51798	2.6655E-4	0.97096
818	1.51102	2.6533E-4	0.97123
819	1.509	2.6498E-4	0.97149
820	1.50529	2.6433E-4	0.97176
821	1.50148	2.6366E-4	0.97202
822	1.50051	2.6349E-4	0.97228
823	1.49071	2.6177E-4	0.97255
824	1.48909	2.6148E-4	0.97281
825	1.48586	2.6091E-4	0.97307
826	1.48214	2.6026E-4	0.97333
827	1.47759	2.5946E-4	0.97359
828	1.47241	2.5855E-4	0.97385
829	1.47038	2.582E-4	0.97411
830	1.46796	2.5777E-4	0.97436
831	1.4622	2.5676E-4	0.97462
832	1.46155	2.5665E-4	0.97488
833	1.45388	2.553E-4	0.97513
834	1.45159	2.549E-4	0.97539
835	1.44609	2.5393E-4	0.97564
836	1.44307	2.534E-4	0.97589
837	1.44009	2.5288E-4	0.97615
838	1.43621	2.522E-4	0.9764
839	1.43284	2.516E-4	0.97665
840	1.42581	2.5037E-4	0.9769
841	1.42187	2.4968E-4	0.97715
842	1.41571	2.486E-4	0.9774
843	1.40933	2.4747E-4	0.97765
844	1.40663	2.47E-4	0.97789
845	1.40033	2.4589E-4	0.97814
846	1.39546	2.4504E-4	0.97838
847	1.39143	2.4433E-4	0.97863
848	1.38617	2.4341E-4	0.97887
849	1.3819	2.4266E-4	0.97912
850	1.37638	2.4169E-4	0.97936
851	1.36975	2.4052E-4	0.9796
852	1.36472	2.3964E-4	0.97984
853	1.35872	2.3859E-4	0.98008
854	1.35791	2.3845E-4	0.98031
855	1.35571	2.3806E-4	0.98055
856	1.34651	2.3644E-4	0.98079
857	1.33879	2.3509E-4	0.98102
858	1.33428	2.343E-4	0.98126
859	1.32668	2.3296E-4	0.98149
860	1.31801	2.3144E-4	0.98172
861	1.31449	2.3082E-4	0.98195
862	1.31198	2.3038E-4	0.98218
863	1.30386	2.2896E-4	0.98241
864	1.29772	2.2788E-4	0.98264
865	1.28858	2.2627E-4	0.98287
866	1.28178	2.2508E-4	0.98309
867	1.26962	2.2294E-4	0.98331
868	1.26769	2.226E-4	0.98354
869	1.26155	2.2153E-4	0.98376
870	1.25361	2.2013E-4	0.98398
871	1.25021	2.1953E-4	0.9842
872	1.24805	2.1915E-4	0.98442
873	1.23145	2.1624E-4	0.98463
874	1.22736	2.1552E-4	0.98485
875	1.21715	2.1373E-4	0.98506
876	1.21097	2.1264E-4	0.98528
877	1.19449	2.0975E-4	0.98549
878	1.17983	2.0718E-4	0.98569
879	1.17423	2.0619E-4	0.9859
880	1.17065	2.0556E-4	0.9861
881	1.15245	2.0237E-4	0.98631
882	1.1475	2.015E-4	0.98651
883	1.14126	2.004E-4	0.98671
884	1.12943	1.9833E-4	0.98691
885	1.12459	1.9747E-4	0.9871
886	1.12055	1.9677E-4	0.9873
887	1.118	1.9632E-4	0.9875
888	1.10855	1.9466E-4	0.98769
889	1.10284	1.9366E-4	0.98789
890	1.09447	1.9219E-4	0.98808
891	1.08709	1.9089E-4	0.98827
892	1.07708	1.8913E-4	0.98846
893	1.0747	1.8871E-4	0.98865
894	1.06968	1.8783E-4	0.98883
895	1.06405	1.8684E-4	0.98902
896	1.05759	1.8571E-4	0.98921
897	1.05567	1.8537E-4	0.98939
898	1.04725	1.8389E-4	0.98958
899	1.04496	1.8349E-4	0.98976
900	1.0415	1.8289E-4	0.98994
901	1.03342	1.8147E-4	0.99012
902	1.02979	1.8083E-4	0.99031
903	1.02286	1.7961E-4	0.99048
904	1.01294	1.7787E-4	0.99066
905	1.00678	1.7679E-4	0.99084
906	1.00062	1.7571E-4	0.99102
907	0.99974	1.7555E-4	0.99119
908	0.99175	1.7415E-4	0.99136
909	0.98602	1.7314E-4	0.99154
910	0.98429	1.7284E-4	0.99171
911	0.97928	1.7196E-4	0.99188
912	0.96829	1.7003E-4	0.99205
913	0.96527	1.695E-4	0.99222
914	0.96293	1.6909E-4	0.99239
915	0.95954	1.6849E-4	0.99256
916	0.95241	1.6724E-4	0.99273
917	0.94762	1.664E-4	0.99289
918	0.94067	1.6518E-4	0.99306
919	0.93757	1.6464E-4	0.99322
920	0.9299	1.6329E-4	0.99339
921	0.92616	1.6263E-4	0.99355
922	0.92388	1.6223E-4	0.99371
923	0.91829	1.6125E-4	0.99387
924	0.90932	1.5968E-4	0.99403
925	0.90309	1.5858E-4	0.99419
926	0.89689	1.5749E-4	0.99435
927	0.89313	1.5683E-4	0.99451
928	0.88872	1.5606E-4	0.99466
929	0.88218	1.5491E-4	0.99482
930	0.87825	1.5422E-4	0.99497
931	0.86779	1.5238E-4	0.99512
932	0.86358	1.5164E-4	0.99527
933	0.85165	1.4955E-4	0.99542
934	0.84822	1.4895E-4	0.99557
935	0.84501	1.4838E-4	0.99572
936	0.83938	1.4739E-4	0.99587
937	0.83649	1.4689E-4	0.99602
938	0.82647	1.4513E-4	0.99616
939	0.81914	1.4384E-4	0.9963
940	0.81542	1.4319E-4	0.99645
941	0.81098	1.4241E-4	0.99659
942	0.80375	1.4114E-4	0.99673
943	0.80204	1.4084E-4	0.99687
944	0.79916	1.4033E-4	0.99701
945	0.79303	1.3925E-4	0.99715
946	0.78891	1.3853E-4	0.99729
947	0.7801	1.3698E-4	0.99743
948	0.77561	1.362E-4	0.99756
949	0.77314	1.3576E-4	0.9977
950	0.76776	1.3482E-4	0.99783
951	0.76418	1.3419E-4	0.99797
952	0.76322	1.3402E-4	0.9981
953	0.74963	1.3163E-4	0.99823
954	0.74157	1.3022E-4	0.99836
955	0.74039	1.3001E-4	0.99849
956	0.73359	1.2882E-4	0.99862
957	0.72431	1.2719E-4	0.99875
958	0.7125	1.2511E-4	0.99888
959	0.70338	1.2351E-4	0.999
960	0.69289	1.2167E-4	0.99912
961	0.67184	1.1797E-4	0.99924
962	0.66374	1.1655E-4	0.99935
963	0.6555	1.151E-4	0.99947
964	0.64812	1.1381E-4	0.99958
965	0.63627	1.1173E-4	0.9997
966	0.61494	1.0798E-4	0.9998
967	0.60092	1.0552E-4	0.99991
968	0.51748	9.0868E-5	1
969	9.5704E-29	1.6805E-32	1
